1	6548
1	15409
2	17794
2	25202
2	53625
2	54582
2	64930
2	73764
2	84477
2	98628
2	100193
2	102355
2	105318
2	105730
2	115926
2	140864
2	163550
2	164599
2	175799
2	178642
2	181714
2	190453
2	204189
2	204604
2	210870
2	213966
2	225119
2	241596
2	243294
2	246897
2	251658
2	252915
2	280935
3	74361
4	35716
4	96512
4	186750
4	225872
5	6545
5	14395
5	59745
5	67503
5	134375
5	170452
5	220513
6	6540
6	59742
7	45366
7	123814
7	149627
7	194146
7	198520
7	240934
8	35084
8	41117
8	58764
8	86240
8	222332
8	248139
8	270771
9	32423
10	6536
10	55087
10	118572
11	149993
12	68889
12	95163
12	136821
12	251796
12	272442
13	41825
13	76448
13	180949
14	34573
14	38342
14	81435
14	105607
14	167295
14	198090
14	214128
14	226411
14	234704
14	245659
15	214109
16	19955
16	25301
16	61790
16	65322
16	101424
16	234568
17	24306
17	34573
17	38342
17	41643
17	52013
17	52962
17	54732
17	55175
17	57467
17	66434
17	81435
17	94594
17	105607
17	129421
17	141904
17	142953
17	150611
17	166220
17	167295
17	180906
17	186865
17	190691
17	192858
17	198090
17	200870
17	203575
17	214128
17	223094
17	226411
17	230785
17	231650
17	234704
17	244189
17	245659
17	271588
17	280828
18	13084
18	72208
19	2040
19	23813
19	111516
19	130832
19	168793
19	170290
19	185302
19	186066
19	193561
19	226411
19	231910
19	236225
19	239607
19	244916
19	251990
19	277163
19	277993
20	2656
20	9600
20	36829
20	146060
20	175144
20	195916
21	141935
21	186750
21	197645
21	203033
21	222324
21	225872
21	266753
22	6560
22	15399
22	67756
22	69358
22	148505
22	241454
23	145290
23	220288
24	37606
24	72393
24	109453
24	121145
24	186750
24	206531
24	208810
24	225872
24	229817
24	271840
25	7022
25	9077
25	17781
25	38134
25	62478
25	66211
25	71877
25	75454
25	77999
25	96745
25	104748
25	120708
25	120904
25	127062
25	137632
25	138804
25	145084
25	176790
25	177323
25	181701
25	183004
25	183375
25	200803
25	207441
25	221087
25	247241
25	255607
25	259455
25	273812
26	14125
26	19470
26	20533
26	53055
26	84428
26	92641
26	116180
26	117864
26	141370
26	165189
26	177014
26	226290
26	243180
26	244195
26	247252
26	281568
27	6556
27	31091
28	34573
28	38342
28	81435
28	105607
28	167295
28	198090
28	214128
28	226411
28	234704
28	245659
29	6552
29	15404
30	6551
30	19960
30	28641
31	142649
32	245209
33	25296
33	237617
33	244236
34	6514
34	118600
35	7590
35	140928
35	149254
35	177612
35	183988
35	204648
36	6512
36	95363
36	257257
37	33989
37	78861
37	101831
37	124470
37	141934
37	163111
37	163670
37	166637
37	169568
37	226411
37	234704
38	6507
38	15379
39	6506
39	15380
39	181503
40	6509
40	25471
40	28674
41	1581
41	6508
41	59708
41	261901
42	166939
43	5030
43	13719
43	17567
43	49102
43	59590
43	70993
43	122938
43	145296
43	153026
43	161514
43	167818
43	205332
44	55788
44	241454
44	264455
45	34573
45	38342
45	81435
45	105607
45	167295
45	198090
45	214128
45	226411
45	234704
45	245659
46	6505
46	59704
47	102175
47	214033
48	6501
48	59701
48	91620
48	192935
49	135859
49	162251
49	163607
49	198205
50	183049
51	6503
51	239281
52	100326
52	131387
52	166507
52	189445
52	201653
52	206853
52	238441
52	273055
53	584
53	11399
53	20047
53	34573
53	38342
53	40297
53	46923
53	61781
53	71937
53	73093
53	81435
53	83582
53	86314
53	100271
53	104550
53	105607
53	115715
53	116272
53	140438
53	147609
53	165048
53	165923
53	167295
53	172082
53	180391
53	198090
53	201678
53	202260
53	214128
53	222148
53	222940
53	226411
53	234704
53	241435
53	244609
53	245659
54	94286
54	167748
54	194021
54	199959
54	242712
55	25276
56	2260
56	19189
56	98387
56	186902
56	205477
57	34573
57	38342
57	81435
57	105607
57	167295
57	198090
57	214128
57	226411
57	234704
57	245659
58	6496
58	20015
58	28661
58	68952
59	19621
59	91874
59	119479
59	150630
59	184531
59	275947
60	7203
60	27940
60	30002
60	46787
60	59033
60	75762
60	84382
60	84824
60	93073
60	103820
60	153049
60	164873
60	196678
60	199822
60	202577
60	233988
60	259343
61	6494
61	15388
62	6530
62	15361
62	237014
63	226411
64	29896
64	50488
64	212376
65	67503
65	134375
65	170452
65	257846
65	264126
65	268515
65	271016
65	273203
66	34573
66	38342
66	81435
66	105607
66	167295
66	198090
66	214128
66	226411
66	234704
66	245659
67	6527
67	15350
67	67756
67	69358
67	241454
68	5562
68	11481
68	17737
68	17750
68	22272
68	23156
68	24243
68	29115
68	41235
68	43111
68	50528
68	62336
68	63856
68	67378
68	71218
68	75952
68	88679
68	112742
68	121421
68	126057
68	130832
68	134083
68	135564
68	137690
68	145500
68	152360
68	154835
68	161093
68	162504
68	164701
68	173650
68	202127
68	204569
68	217545
68	223222
68	226137
68	232037
68	232712
68	249496
68	251990
68	253245
68	265387
68	268119
68	271205
68	276237
68	278409
69	6523
69	15365
70	17490
70	17781
70	49068
70	62478
70	64932
70	77999
70	96745
70	111245
70	120708
70	137632
70	153074
70	176790
70	179759
70	181701
70	183004
70	221087
70	247241
70	259455
70	265910
71	119479
72	162418
72	263270
72	264548
73	1619
73	5436
73	9680
73	12516
73	34573
73	38342
73	38896
73	46414
73	62574
73	65506
73	67897
73	81435
73	105607
73	114689
73	115382
73	118567
73	121154
73	156009
73	159623
73	167295
73	173129
73	198090
73	198886
73	214128
73	215445
73	219709
73	224421
73	226411
73	234704
73	237542
73	245659
73	256427
73	266260
73	266634
73	273979
74	6522
74	15364
75	34573
75	38342
75	81435
75	105607
75	167295
75	198090
75	214128
75	226411
75	234704
75	245659
76	162836
77	22794
77	64737
77	114813
77	138869
77	140066
77	164067
77	164329
77	252306
78	21796
78	44601
78	93471
78	93901
78	163486
78	182368
79	151981
79	241454
79	258348
79	267492
79	276685
80	2656
80	9600
80	36829
80	175144
80	175178
80	183870
80	195916
81	18412
82	35084
82	41117
82	58764
82	86240
82	222332
82	248139
82	270771
83	25257
83	63130
83	106713
83	152204
83	167199
83	233947
84	6517
84	10044
84	89073
84	134832
84	231363
85	87073
85	106171
85	254292
86	55153
86	195570
86	208086
87	96567
87	121200
87	165950
87	188253
87	203322
87	222775
87	252300
88	8261
88	38783
88	72193
88	92583
88	103031
88	125372
88	175106
88	183865
88	204562
88	210403
88	216433
88	219782
88	226411
88	243109
88	256298
88	265428
89	25392
89	53911
89	65235
89	235195
90	39603
90	56587
90	69256
90	102357
90	125118
90	140302
90	195814
90	211301
90	222920
90	226411
91	22789
91	32115
91	40117
91	60440
91	65185
91	96358
91	112742
91	115740
91	118244
91	140571
91	145892
91	151428
91	161890
91	184900
91	193566
91	199143
91	208542
91	213983
91	222873
91	248989
91	253689
91	254127
91	255054
91	258143
91	264982
92	6475
92	15487
93	25388
93	65179
93	65238
93	122148
94	148889
95	50785
95	60210
95	89073
95	93989
95	217283
96	186750
96	225872
97	50785
97	60210
97	89073
97	93989
97	164027
98	209160
99	6471
99	15498
99	67756
99	69358
99	241454
100	61511
100	176659
101	14628
101	17781
101	38499
101	62478
101	77999
101	96745
101	104657
101	120708
101	131346
101	137295
101	137632
101	168274
101	176098
101	176790
101	181701
101	183004
101	212296
101	218757
101	221087
101	229139
101	247241
101	250751
101	259455
101	268537
102	7447
102	12569
102	17217
102	25448
102	34573
102	37125
102	38342
102	71996
102	81435
102	86437
102	93900
102	102533
102	105607
102	113522
102	138827
102	139343
102	156788
102	156828
102	162822
102	167050
102	167295
102	170067
102	174356
102	179974
102	190554
102	198090
102	204783
102	205713
102	214128
102	226411
102	228612
102	234704
102	245659
102	251636
102	255744
102	264776
103	119479
103	133182
104	1638
104	4555
104	4784
104	29274
104	42887
104	53466
104	57900
104	67021
104	78940
104	82719
104	129335
104	138907
104	162049
104	277229
105	6491
105	15471
105	28725
106	27992
106	39193
106	51898
106	63472
106	63717
106	68179
106	76646
106	107503
106	112061
106	120939
106	123255
106	138280
106	146656
106	183080
106	184264
106	209574
106	226411
106	228641
106	253570
106	263411
106	270237
106	271023
106	275692
106	279100
106	280346
106	281836
107	6489
107	59641
107	116869
108	2656
108	9600
108	36829
108	175144
108	195916
108	207959
109	106212
110	89073
110	262860
111	279636
112	6484
112	67756
112	69358
112	241454
112	257204
113	8191
113	154350
113	195674
113	204886
113	210908
114	37194
114	55236
114	60303
114	80680
114	108328
114	133797
114	135811
114	145347
114	151939
114	192929
114	213898
114	221920
114	226411
114	264903
114	266528
115	2581
115	17781
115	62478
115	77999
115	82526
115	96745
115	101866
115	116126
115	120708
115	137632
115	153744
115	167221
115	176790
115	181701
115	183004
115	221087
115	247241
115	259455
115	259855
